
a = 3;
a

a =

     3

b=6;
b

b =

     6

a = 37;
